Отчёт по модели RF (2025-11-30 14:25:44.024948)
F1-score (weighted): 0.9792

              precision    recall  f1-score   support

           0       0.97      1.00      0.99        33
           1       1.00      1.00      1.00        31
           2       0.97      0.97      0.97        34
           3       1.00      0.94      0.97        31
           4       0.93      0.95      0.94        41
           5       1.00      1.00      1.00        34
           6       1.00      1.00      1.00        36

    accuracy                           0.98       240
   macro avg       0.98      0.98      0.98       240
weighted avg       0.98      0.98      0.98       240

Матрица ошибок:
[[33  0  0  0  0  0  0]
 [ 0 31  0  0  0  0  0]
 [ 0  0 33  0  1  0  0]
 [ 0  0  0 29  2  0  0]
 [ 1  0  1  0 39  0  0]
 [ 0  0  0  0  0 34  0]
 [ 0  0  0  0  0  0 36]]