Отчёт по модели XGB (2025-11-05 19:26:36.497595)
F1-score (weighted): 0.9917

              precision    recall  f1-score   support

           0       0.97      1.00      0.99        35
           1       0.98      1.00      0.99        41
           2       1.00      1.00      1.00        34
           3       1.00      1.00      1.00        32
           4       1.00      0.97      0.98        33
           5       1.00      0.97      0.98        31
           6       1.00      1.00      1.00        34

    accuracy                           0.99       240
   macro avg       0.99      0.99      0.99       240
weighted avg       0.99      0.99      0.99       240

Матрица ошибок:
[[35  0  0  0  0  0  0]
 [ 0 41  0  0  0  0  0]
 [ 0  0 34  0  0  0  0]
 [ 0  0  0 32  0  0  0]
 [ 1  0  0  0 32  0  0]
 [ 0  1  0  0  0 30  0]
 [ 0  0  0  0  0  0 34]]